0.998855     0.085209     1   1
1.200183     0.103480     1   2
1.173210     0.087828     1   3
1.231741     0.089065     1   4
1.074894     0.079870     1   5
0.974021     0.068448     1   6
0.907261     0.062469     1   7
0.851613     0.062043     1   8
0.874937     0.059469     1   9
0.888215     0.062564     1   10
0.924382     0.061324     1   11
0.924768     0.064032     1   12
0.998188     0.082305     1   13
1.004356     0.079786     1   14
0.985202     0.083081     1   15
1.045630     0.084120     2   1
1.085367     0.082740     2   2
1.190146     0.083759     2   3
1.094432     0.072379     2   4
1.054472     0.074692     2   5
1.090206     0.076612     2   6
0.870896     0.064541     2   7
0.857085     0.069146     2   8
0.820333     0.063235     2   9
0.843670     0.059601     2   10
0.864397     0.068384     2   11
0.962338     0.066644     2   12
0.991714     0.069785     2   13
1.009441     0.075131     2   14
0.944404     0.076774     2   15
1.063490     0.087089     3   1
1.182852     0.084228     3   2
1.061301     0.070604     3   3
1.074543     0.069836     3   4
1.053110     0.073302     3   5
0.900177     0.065570     3   6
0.899271     0.076735     3   7
0.940197     0.080494     3   8
0.954995     0.076752     3   9
0.881653     0.064676     3   10
1.040178     0.070678     3   11
0.956846     0.062375     3   12
0.965034     0.064616     3   13
0.961863     0.071490     3   14
0.962305     0.077080     3   15
0.975248     0.079230     4   1
1.007439     0.072527     4   2
1.034914     0.066328     4   3
1.088212     0.071837     4   4
1.117393     0.075112     4   5
0.882682     0.068794     4   6
0.945907     0.091808     4   7
0.874398     0.083913     4   8
0.851852     0.079442     4   9
0.912710     0.069991     4   10
0.903600     0.061767     4   11
0.943465     0.060437     4   12
1.006182     0.073219     4   13
0.853907     0.064933     4   14
0.965304     0.078720     4   15
0.924386     0.068139     5   1
1.028064     0.071634     5   2
1.078201     0.067699     5   3
1.075369     0.066736     5   4
1.111715     0.074895     5   5
0.993953     0.080894     5   6
0.781995     0.082801     5   7
0.942786     0.101873     5   8
0.916411     0.090699     5   9
0.951886     0.080207     5   10
0.954885     0.065087     5   11
1.041504     0.063247     5   12
0.969705     0.065846     5   13
0.916642     0.063628     5   14
0.985325     0.073708     5   15
0.881627     0.067319     6   1
0.991841     0.065921     6   2
1.091295     0.063197     6   3
1.068345     0.063977     6   4
1.104618     0.074643     6   5
0.976100     0.090101     6   6
0.966354     0.106222     6   7
0.806239     0.109355     6   8
0.760411     0.090011     6   9
1.063632     0.097439     6   10
1.107333     0.073902     6   11
1.018613     0.061052     6   12
0.980932     0.057394     6   13
0.933870     0.061923     6   14
0.850618     0.061884     6   15
0.973615     0.066063     7   1
1.058355     0.064310     7   2
1.111274     0.059962     7   3
1.185299     0.064763     7   4
1.231772     0.084407     7   5
1.074632     0.109846     7   6
0.944704     0.135057     7   7
0.936320     0.147051     7   8
0.874801     0.143239     7   9
1.164767     0.122737     7   10
1.144959     0.081173     7   11
1.145603     0.064103     7   12
1.040013     0.055805     7   13
0.997330     0.061156     7   14
0.930177     0.062347     7   15
