1.015216     0.099737     1   1
0.907348     0.071096     1   2
0.964001     0.086985     1   3
1.019808     0.084142     1   4
0.916462     0.065694     1   5
0.971226     0.080282     1   6
1.022845     0.074593     1   7
1.038579     0.081850     1   8
0.995676     0.072505     1   9
1.043538     0.079828     1   10
1.042746     0.080750     1   11
1.039100     0.084369     1   12
0.960946     0.068926     1   13
0.980145     0.091180     1   14
1.040552     0.099668     1   15
1.115150     0.098439     2   1
0.924499     0.068512     2   2
1.031983     0.071274     2   3
0.998799     0.071804     2   4
0.915479     0.079154     2   5
0.996385     0.080943     2   6
0.968860     0.079698     2   7
1.004317     0.077959     2   8
0.926263     0.076799     2   9
1.019493     0.079592     2   10
1.089960     0.094462     2   11
0.888253     0.065384     2   12
0.938414     0.064623     2   13
0.973600     0.071702     2   14
0.920883     0.086100     2   15
1.021862     0.075277     3   1
0.911778     0.069309     3   2
0.974905     0.080166     3   3
0.952768     0.083349     3   4
0.873059     0.078449     3   5
0.982673     0.085624     3   6
0.891173     0.080664     3   7
0.925859     0.078087     3   8
1.019025     0.084500     3   9
1.035153     0.083357     3   10
1.111832     0.093101     3   11
0.961123     0.078365     3   12
0.951417     0.077839     3   13
0.934453     0.067201     3   14
1.011460     0.073293     3   15
0.967718     0.069259     4   1
0.994168     0.082636     4   2
1.073476     0.087368     4   3
0.990842     0.091848     4   4
0.940357     0.084654     4   5
0.899081     0.078160     4   6
0.680451     0.066927     4   7
1.043622     0.090164     4   8
1.024610     0.094009     4   9
1.153978     0.103926     4   10
1.066462     0.092744     4   11
0.951922     0.083220     4   12
1.050376     0.073072     4   13
0.930980     0.068337     4   14
0.963127     0.070593     4   15
0.544360     0.048376     5   1
0.983878     0.068785     5   2
0.909516     0.067079     5   3
0.954246     0.080438     5   4
0.911791     0.077371     5   5
0.989966     0.086468     5   6
1.106097     0.099587     5   7
0.934648     0.087154     5   8
1.013957     0.092429     5   9
1.038894     0.089442     5   10
0.996270     0.083974     5   11
0.933421     0.080456     5   12
1.036880     0.072486     5   13
0.968155     0.064999     5   14
1.030000     0.069253     5   15
1.046247     0.066439     6   1
0.927177     0.071868     6   2
1.014767     0.072302     6   3
1.026339     0.087970     6   4
0.962143     0.086763     6   5
0.920725     0.086395     6   6
0.901653     0.094771     6   7
1.011017     0.099316     6   8
1.046718     0.101220     6   9
0.868656     0.085158     6   10
1.031912     0.088836     6   11
0.836104     0.076859     6   12
0.893424     0.064220     6   13
0.869431     0.057511     6   14
1.020055     0.065707     6   15
1.001181     0.061442     7   1
0.987961     0.060038     7   2
1.064112     0.074914     7   3
1.042233     0.097837     7   4
1.070949     0.111969     7   5
0.936463     0.102538     7   6
1.149102     0.143088     7   7
1.290176     0.150190     7   8
1.018764     0.115523     7   9
0.988326     0.104148     7   10
1.020689     0.095547     7   11
0.905187     0.085098     7   12
0.951513     0.070688     7   13
0.975554     0.059070     7   14
1.019593     0.062631     7   15
