1.096806     0.148601     1   1
1.114994     0.161319     1   2
0.948799     0.126482     1   3
0.972625     0.124444     1   4
0.815022     0.096881     1   5
1.121320     0.113299     1   6
1.013952     0.100613     1   7
1.002895     0.093157     1   8
0.949971     0.096679     1   9
0.907619     0.108812     1   10
1.088338     0.134324     1   11
1.094244     0.135319     1   12
0.876739     0.122685     1   13
0.999951     0.144035     1   14
0.999816     0.170158     1   15
1.292022     0.198170     2   1
1.287926     0.188140     2   2
1.160034     0.156540     2   3
1.051834     0.120976     2   4
0.866050     0.115749     2   5
0.930965     0.098953     2   6
1.066161     0.097391     2   7
0.954629     0.090434     2   8
1.069373     0.101409     2   9
0.881113     0.089949     2   10
0.928990     0.108673     2   11
0.901479     0.110577     2   12
1.012524     0.131182     2   13
0.837261     0.144202     2   14
0.992329     0.176012     2   15
1.045249     0.108578     3   1
1.183635     0.115294     3   2
0.798729     0.079321     3   3
0.977276     0.085397     3   4
0.889946     0.077875     3   5
1.108145     0.073720     3   6
1.047373     0.066145     3   7
1.078699     0.075201     3   8
1.091899     0.073721     3   9
1.131997     0.068553     3   10
1.132418     0.081069     3   11
0.895799     0.080277     3   12
1.037915     0.091128     3   13
0.957812     0.107221     3   14
1.039315     0.129517     3   15
1.027704     0.116623     4   1
1.120492     0.111108     4   2
1.073195     0.096435     4   3
0.944560     0.075763     4   4
1.053527     0.071759     4   5
0.893852     0.058653     4   6
1.063734     0.075402     4   7
1.118054     0.076880     4   8
1.101304     0.075450     4   9
1.105137     0.067809     4   10
1.050048     0.068428     4   11
1.055219     0.084129     4   12
1.062364     0.093493     4   13
1.102203     0.111757     4   14
0.835630     0.108877     4   15
1.095245     0.139757     5   1
1.169679     0.142621     5   2
1.045200     0.096259     5   3
0.909482     0.073869     5   4
1.024478     0.068453     5   5
1.026857     0.072305     5   6
1.096981     0.077531     5   7
1.185333     0.083541     5   8
1.311036     0.087777     5   9
1.144123     0.075597     5   10
1.048966     0.072866     5   11
1.017185     0.083861     5   12
1.121715     0.103575     5   13
0.937189     0.112463     5   14
1.059874     0.146933     5   15
1.561868     0.258513     6   1
1.212832     0.183852     6   2
1.096291     0.132141     6   3
1.010272     0.101235     6   4
1.034274     0.085817     6   5
0.962311     0.076068     6   6
0.989276     0.078773     6   7
1.086383     0.082822     6   8
1.202518     0.089311     6   9
1.133031     0.086418     6   10
1.063825     0.089928     6   11
0.940000     0.101410     6   12
1.299919     0.134114     6   13
1.257021     0.178464     6   14
1.717973     0.274088     6   15
1.311994     0.384344     7   1
1.759552     0.338090     7   2
1.516484     0.210038     7   3
1.141656     0.155773     7   4
1.012133     0.123134     7   5
1.147519     0.098022     7   6
1.229408     0.137676     7   7
1.382522     0.140344     7   8
0.890619     0.106490     7   9
1.107579     0.096216     7   10
1.057730     0.138039     7   11
1.091651     0.149777     7   12
1.399854     0.197167     7   13
1.602479     0.328999     7   14
2.167728     0.490082     7   15
