1.210646     0.127930     1   1
1.090662     0.114908     1   2
1.120949     0.122677     1   3
1.070435     0.107783     1   4
1.056151     0.119715     1   5
0.965022     0.131257     1   6
1.219119     0.152103     1   7
0.937793     0.114608     1   8
0.915805     0.115567     1   9
0.885754     0.114324     1   10
0.855219     0.104302     1   11
1.091828     0.112896     1   12
1.010461     0.106593     1   13
1.223786     0.125883     1   14
1.142727     0.121328     1   15
1.225860     0.148746     2   1
1.114757     0.135030     2   2
0.966475     0.116395     2   3
1.081778     0.137099     2   4
0.874015     0.138751     2   5
1.012574     0.132599     2   6
0.906674     0.111382     2   7
0.807977     0.100993     2   8
0.769726     0.100525     2   9
0.890098     0.124641     2   10
1.061308     0.144419     2   11
1.041613     0.120901     2   12
1.002253     0.120682     2   13
1.015025     0.125952     2   14
1.042829     0.129943     2   15
1.058026     0.107829     3   1
0.966756     0.089417     3   2
0.922835     0.082300     3   3
0.973251     0.091397     3   4
0.980866     0.098931     3   5
0.934795     0.081363     3   6
0.730519     0.064982     3   7
0.700304     0.070556     3   8
0.633647     0.063127     3   9
0.848607     0.073018     3   10
0.903114     0.092751     3   11
0.903673     0.086872     3   12
0.967939     0.083704     3   13
0.969327     0.087162     3   14
1.087726     0.098647     3   15
0.910375     0.088090     4   1
1.031669     0.090187     4   2
0.967486     0.084655     4   3
0.971377     0.090532     4   4
0.928746     0.079049     4   5
0.753294     0.072238     4   6
0.779605     0.081310     4   7
0.784781     0.074760     4   8
0.828191     0.086348     4   9
0.905273     0.076693     4   10
0.928845     0.078775     4   11
0.921032     0.085032     4   12
0.984954     0.083442     4   13
1.082851     0.096060     4   14
0.976543     0.091441     4   15
0.936161     0.087098     5   1
0.952607     0.092044     5   2
1.038023     0.092319     5   3
1.099805     0.094651     5   4
0.938182     0.075515     5   5
0.834992     0.075133     5   6
0.831830     0.092795     5   7
0.714498     0.069224     5   8
0.780014     0.074379     5   9
0.821261     0.072269     5   10
0.856682     0.070904     5   11
0.979728     0.085045     5   12
0.933562     0.079095     5   13
0.957197     0.085819     5   14
0.898528     0.090677     5   15
1.046767     0.107741     6   1
1.191368     0.107390     6   2
0.904921     0.081220     6   3
1.021361     0.088632     6   4
0.905596     0.075187     6   5
0.889186     0.079965     6   6
0.788793     0.078433     6   7
0.750302     0.086081     6   8
0.717881     0.076041     6   9
0.959847     0.084842     6   10
0.900892     0.073280     6   11
0.920706     0.082608     6   12
1.026374     0.089813     6   13
1.019046     0.097774     6   14
0.978887     0.109302     6   15
1.242785     0.143952     7   1
1.102411     0.110103     7   2
1.046825     0.090061     7   3
1.125420     0.092431     7   4
0.961546     0.077864     7   5
1.011248     0.095615     7   6
0.918080     0.117097     7   7
0.785560     0.164342     7   8
0.712883     0.105852     7   9
0.824515     0.078981     7   10
0.977833     0.080879     7   11
1.053667     0.088335     7   12
1.110952     0.093881     7   13
1.065467     0.104554     7   14
0.924019     0.117617     7   15
